1134	male	12	12	32	5039	6958			3015	1699	2023	2069	1295	2250	1820	2022	2060	1908	2641					5564	5411	4110	2119	3858	3959		1759	1500	1610	6563	3043		3164	4946			3997		3574	6565	4736	3503	3215	5277	8617	7717	6734	4510	2879	1657	3982	2912	2485	2991	8730	5265		4461	3377	7381	5229	2664	3239	5600		2476	5129	2592	6503	4676	6004	2803
2424	female	16	12	30	4090	3795	2589	5076	3340	1443	1800	3434	1809	2990	1903	2351	2993	2766	3793		1974	6002		2423	3368		2226	1915	3129	3767	4043	2641	2617		3471	2175		3870	3938		6252	4459	1324	5927		2667	2035	3860	4363	2368	3141	3412	3298		4343	2977	3047	7153	2464	3633		5591	2381	11676	4921	1633	3021		3730	4973		3080	4433	6447	2298	3884
3420	male	16	15	28	3417	1837	3484	4972	1822	2391	1618	993	1081	1543	1934	1923	5501	2520	4232	3791		3817	10927	3976	3895	2662	2653	4687	2556	4420	1623	2980	1781	3646	3530			2007	2912	3890	1289	1687	1049	10848	3914		6267	7085	8058		6700	1228	2898	6004	8463	1130	1745	4732		1514			2502		3186	2412	3472	8123	2228	10316		1630	3317	3561	1885	2093
1266	female	16	15	29	6864	4323	18815	2849	4329	2114	2144	1540	1966	1563	2361	3097	2484	5208	3191	5592	14164		5737	12718	5222	6044	6021	4323	3178	3136	1686	2741	2410	3971	2403		3561	5239	2754			10343	3535	6719	6091	5570	9260	3753	7821	9519	5599	4141	2604	2478	7304	2532	4149	2854	9318		4859	3748		9210	16206	3883	7109	9500	4942		8219		7069	6812		14179
1495	male	15	17	31	5751	10154	4666	5663		13042	1586	1543	1462	1474	2106	10123	11095	3779	4888		5543	5974	3733	3379	3743	4764	2899	2737	2622	1582	1793	4177	2135	3506	4557	8368	7318	15341	7270	2561	13288	2525	3448	6243	9121	2778	3390	2776	4827		3216	4151	3170	12149	8794	3709	3171	11783	24848	3035			2063	6832	6974	5746	6801	5635	3117	3775	6372		6209	6428	47172	4404
2041	male	15	16	35	10526	4630	3913	3591	2854	3352	1995	1456	1595	2533	2996	2487	2531	3031	5940	11073			8892	9613	6508	8608		2661	4089	2463	2834	3130	2999	2997	6326	9108	3751	3562	6006	10623	13598	2769	2047	8981	3927	3933	2857	1793	6935	5541	11181	3193	2950	9234	6368	1491	3360	8848	5717	3021	3009	9053	3128	5698	9279	2002	1789	7467	3399	7369	6080	4287	3135	2144	2701	5203
129	male	17	17	33	2988	2313	1870	3351	3488	2430	2629	2077	1905	1721	1623	2968	2104	1778	1957	3151	3680	3182	4776	5941	4955	2893	3629	1655	1510	2464	2177	2758	2174	1402	5149	3417	2993	3822	2967	1316	3027	2507	2909	8803	8213	5506	1697	6124	3538	6228	2045	2187	3167	2181	1772	2102	2754	2967	6233	2059			1955	6825	2091	1630	2069	3655	2978	4230	3998	1701	2578	5208	2119	6845
ÅEïÔºóÔºïÔºÅEmale		11	9	25	1163		1659			4075	1382	1959		2993	910			5122	1798	37	1255	1199			2160	1356	149	1291	1226	2314	3451		4681			7329				146	2763	1032	1446	1688	1578	1737	1348	3180	1068	567		3902	1764	1216	245	903	1843	1527	2712				2472				1712			2605	2437		120	364	805	5195
3870	male	16	15	34	3845	3293	3137	2265	2000	2215	1342	1065	1137	984	1751	1469	1323	1736	4055	3752		3489			1436	3763	3852	2212	1367	1841	1287	1605	1933	1665	1168	6371	2228	3155	1997	7478	7396	1364		1652	2677	1751	1954	1723	1620	1893	2275	1567	2270	3023	1429	1871	1695	1485	2342	2075	3079	2989	2298	2948	3249	1959	2289	1337	2060	6007	4310	1344	2460	1220	1672	965
2297	male	14	11	30	4730		5335	6074	2888	1918	1677	1247	1051	1633	3086	2594	2278	3138		5617		3699			4940	7939			2699	2335	5191	3158	3333	2142	2513		11605		4415	9766	2425	3033	1990	3981	2088	3202	3085	2753	1740		1753	2821		3140	2383	1988	2037	2140		4563		5941	2211	2909	2834	2328	2538	2671	2433	7775	3159	2858	7257	11951		1377
2130	female	17	17	34	4327	3518	3918	4934	1965	1428	1366	1764	1215	1643	1826	7383	1205	2604	2988	11229	3578	3848	6578	3969	3978	5018	5300	2615	2188	1045	1113	1651	1441	3126	2841	6477	3039	4254	3733	9192	10229		1950	2793	3729	4324	3590	3229	6859	4993	1688	2325	1707	2367	5140	2599	5198	3187	3289	9381	1664	4894	2578	5013	3880	2407	1985	10624	2945	5943	4818	4675	4555	3165	3297	8131
3552	male	15	16	34		3783		3881	1974	1745	1974	1558	1098	1420	1335	1882	1922	2484	6213	3709	3220	3164	2869	3180	2148	1509	1914	1886	1536	1925	2686	2054	1534	1742	2034	3826	2610	2301		7036	4585	1584	1738	2507	7917	3632	2068	1400	4015	4359	3498	2996	2014	2437	2819	2983		3429	7303	1588	3345	2925	2586	2457	3960	1592	2606	1939	2962	3821	3034	2182	8244	5243	2206	1642
4869	male	17	14	28	3229	4147	7401	5422	3775	3456	4083	1909	1733	1963	2557	2166	6033	2618	8642	4089	5603	14117	5300	6823	9327	21318	7786		3036	1007	2363	1114	2945	10350	6291		7896	8779		5800	5224	4047	19774	9015	10114		16304	14416		5551		3932	4219	9606	9736	5060	5028	13136	11651	5294	5999		7024	18632		4882	11609	4643	13536	11393	10977	5565	7824		7670	
14	female	16	15	30	4988	4259		2359	1891	1426	1291	1654	1132	2139	1912	1415	1538	1830	1105	1185	2016	2980		2721	2118	1600	2173	3484	1836	1223	1085	1184	1590	1868	1590		4000	3748	3574	4265	1185	1937	1455	7169	3000	2156		1012		3670	2992	3089	5456	4139	4197	1604	2490	4818	1799	1097			2657	6015	6468	1523	2570		2218	8810	6381	1914	1681	6437	1943	1748
1754	male	17	10	27	2642	1442	1367	2358	1985	1886	1191	1345	1048	1558	1422	3203	1920	3146	3001	2721	4146	3260			1162	2588	3448	1979	1858	4519	2995	2180	2068					1438		2675	2176	2373	1227	2603		4148	3752			4958	2779	1897	2591	4356		2613		1661	1768	2484		3543	2462	2511	2711	1716	2665	2894	2240	3153			976	5940	1119	3943
3277	male	17	15	35	7773	8676	4126	8156	2780	4524	1798	3149	5527	1485	2396	5515	3200	5693	4918	4822	17181	7130	2389	11386	2879		7475	6022	5079	3648	2073	4734	4142	3085	4379		5449	6525	4172	10083	5605	2682	5543	11134	8510	3767	4341	2438	30708	4179	4980	3318	4227	6235	2878	2615	2772	6165	9026	3067	5894	16143	3050	10612	3540	1683	4270	2062	1718	9189	10688	4159	1949	4850	2353	4864
1622	male	15	12	27	4825	1829	2737	2233	2320	3498	1805	1817	1163	1703	1928		2455	2063	3585		2841	6155					3573	2397	4349	1448	1966	2951	2508	3191	4181		2514	5742	3411	4396	1013			1743	1176		1776	1549	5968	5139		2424	2972		3965	2021	1960	1829	1037	1618		2935	3859	3538	4694		4812	2009	4859		8011	2377	2469	1295	1674	940
1991	male	16	15	19	8259	4814	4830	8996	10460	2532	1718	3734	987	1944	9358	3423	4936	3964	5259	9282		6695		2697	2607	2401	6738	3553	2016	1804	1401	2523	2769	4612	1761	12742	3436	8441	4427		2688	4784	2902			2974		6510	5089		22078	5839					3856	4491		6579		6255	3851			2341	3978		3572	2603				5635	4572	1728
3471	male	15	15	25	16011	2527	2197	1896			4254	3532	2519	2276	6420	3938	3017	2840	7148	2869	1606	6047	3155		6940	5710	3842	3194	2913	2282	2523	2193	3189	2178	3106	7384	3473	9745	2464			3524	3214			2502	4296	3069		5613	10809	2797	2439			2983	3775	2757		2618		4708	4338	2286		2992	1939		4045	2331	2219	4425	2083	4566	2537	4873
626	male	11	13	33	5308					2284	1295	1244	990	1494	1918	4714	2254	2538	1236	6074					2667	2357	2535	2157	1441	1153	1270	897	1630	2648	3285		3236	1388	3396		1465	1497	1552	3697	3382	2061	3574	2206	2130	3401	1962	1981	4204		3616	1991	1999	2022	2299	2402	969	1290	1222	2596	1488	1904	2975	2039	4500	2418	4069		3126	3474	1694	2155
2777	male	14	14	25	5483	4559	4482		3335	3937	2914	2418	1618	2184	2727	2531	3403	4256		3674		3433		4944	5308	5912	3908	3890	1775	2269	1986	1929	2926	3823	2719			2258	5241	4271		2295	2940	5029	8456	3702	3074	1938	1350	3405	4602	3968	2343			3833	3077		4241	2690		3652	2328			2262	3442		3093	6765		1486	6219	3664	2777	
90	female	17	14	25	5578	4096	3577	8557	3328	2257	2199	1698	1758	2002	3456	2183	4058	2820	2482	3429	2377	6356	3297	3885		4831	6635		2045	1380	2215	3560	3984	3397	5486		2851	3848	2920	3624				4476	2538		1559	6904	7574	7119	5507	1686	1608		6317	2964	2836	5517		1947				4885	2718	2014	2016	3721	1428		3730	1349	2148	2375	2595	1896
2904	male	16	13	34	4345	3577	4524	4808	2366	2999	3376	2394	1200	2555	3050	2072		2171	3507	6252	6481	6433		5768	6468			2911	3734	1616	2887	1686	3274	4135	3438		7862	3181	6896	6533	685	2625	2509	2370	10996	4587	2081	2341	1938	3686	3504	1602	2492	5096	1076	2339	2221	3807	2631	4353		9590	3146	5285	4627	2830	3417	5743	3702	5093	1291	1990	1276	2134	2342	904
820	male	13	14	32	3618	3206		3410	2405	2952	2069	1424	1465	1666		2130	2221	2060	2645			3719	4061		2496	2070	2976	2558	1921	1829	1540	1296	2799	2113		3238	2243	3628	2674		560	2455		2479	5882	2429		2247	4160	2932	466	1482	2330	2594		2689	2911	3407	5275	1714	873	631	2549	936	4591	3099	2479	1772	1886	3755	2808	2080	2895	3598	1538	5523
766	male	15	11	24	8183		1901	1630	2834	1416	1263	1221	1225	778	1268		3720	2784	4426	2151	2687	8378			2365			2577	1321	799	963	1365	1706	1290	1276		2306	2381	1433		1659		2000		3921	2868		2336			2356	5239	2528	1696	2548	1235		1130	5502	1958			2810	3706		1275	2042	1360	781	1725			3152	1270	1181	1350
383	male	16	17	18	3083	1790		3177	2768	2353	3171	3129	4287	2944	4047	2344	5394	1788	2176	1980	2537	3010	5892	2477	3674	5262	3497	3709	2852	2667	2388	2915	1826	2120	3330	3617	1739	1357	4055	4734		5137	2231		10134	1848	1110	2944					977			4560	1235			3083			3627			2574	5263		1951	3705		1633	2276		1937	9559
2858	male	17	15	32	2856	6230	4141	4195	2054	1360	1199	1158	1104	867	1479	1288	1119	3931	2759	6232	4096	3175		2573	1402	1295	2147	1088	1550	889	1074	1290	1332	1627	1177	5418	1913	1410	1450		1433	1713		1943	6861	1734	1179	1405	1651	4927	3183	1087	1758	1800	1372	1152	1123	2846	2082	1581		1186	1942	2476	2389	1385	1384	5906	1489	4293	2555	2074	1839	986		2119
219	male	15	14	33	9504		6376	2825	3732	2275	2135	2086	1793	1723	2483	4792	3596	4564	5260	6281	3395		6981		3774	6741	5807	5779	4697	2332	2291	2821	2608	2167	9726		2822	7607	2137		2015	2774	3721	3469	7805	2809	2305	3100	2144	4893	4449	4004	2990	3953	8693	3055	2655	7369		2969	3375	2949	5777	2465	4349	2185	2954	3852	5530	11413	5297		6213	2392	3919	2387
5232	male	15	13	27	6671	3012	2802	3060	1890	1677	1894	1826	1430	2017	2556	2456	1965	1697		3345	3924			3972	2430	3062		2000	1189	1159	1313	1423	1704	2709	3060		2332	4481	3461		1788		2628	3341	1467	2324	3527	942	2260	3151		2242		1820	2022	3418		3950		2301		3704	2055	2042	2367			6614	2015	1842	3536	1882	6763	1803	3241	3388
1070	male	17	17	33	3084	3399	2582	3213	3136	1483	2037	1147	2157	1271	2792	2024	2232	4491	3964	4130	5547	3884	3255	3416	1984	2579	2672	2141	1548	1823	1056	1546	1649	2346	1539	4159	3097	3542	2574	5586	3127	3150	2608	3142	3765	3605	2680	1790	5578	5575	4062	4749	2921	4848	7583	2320	1623	9673	6482	1860		4474	1431	4314		3880	2834	6486	4212	5654	8794	3347	2130	4145	2372	2325
5112	male	13	13	32			4553	4885	4063	2469	2413	2389	1815	2236	1941	3667	4186	2309	3923	6062				2469	2111			2501	1739	2294	2052	1086	1948	2829	2625	4661	3570	2840	2986		2596	4141	3523	6314	3464	2814	5500	1606	1941	6406	1918	4868		4633	4728	3644	3011	2327	4666	3337		3385	1806	2682	3914	3241	2749		2662	4106	5578	2383	5379	6030	2473	3365
3374	female	16	13	32		4718	865	2985	1802	856	1470	935	1106	952	2071	1387	1623	1534	2178	4089	6591	950			2332	2851	3565	3290	1573	1155	1036	706	1454	2672			2439	3394	3683	4276	1327	1249	3392	1438			1777	1787	1472	4179	4582	4203	3646	4202	1593	1817	1373	1045	2138	648	3888	2400	795	2078	4344	1925	1445	1218	894	4154		4660	1802	1023	970	970
3013	male	16	13	34	2675	2044	7717	2077	1944	1619	1751	1683	2338	1566	2532	1342	1586	2315	3459	1981		4154	6415	2398		2196	1940	2074	1351	2035	1633	1441	1620	2489	1697			8093	2025		2683	1833	1847	5327	4646	3788	1025	3590	1993	5133	3604	2190	1635	6009	1479	1541	1758	2933	1632	1264		1871	3532	3991	5415	3973	2908	1238	1698	7333	5824	2000	3641	1197	2000	6811
294	male	15	13	34	3427	3027	2699		2535	1411	2489	1279	1122	1203	1742	1619	2233	3133	8435	4472		3763	5094	2164		2045		1964	2440	3019	2271	3478	1510	2299	2903			3300	3513	3318	1617	3195	1886	3354	3762	2811	2381	1477	4702	6934	8679	2085	3121	2515	1655	2357	2017	2343	4387	3201		3514	1157	2727	6328	2637	2108	1316	3211	4433	6568	2011	3583	2112	2204	1503
3730	male	15	13	32	2100	2401	1868	1437	3300	1036	1145	1059	1664	1296	1530	1445	1180	4755	1860	2867				1933	2334	1767	2102	1566	2012	878	1650	1121	960	3115	1729		1616			2312	1283		1550		3499	1633	1547	1334	2941	3476	2056	999	1997	3069	1102	1553	2314	3099	2648	1374		3776	1112	4802	3312	1346	1792	1801	1410	3867	2670	1640	1969	1400	1990	3368
344444	male	16	14	18	1624	603	1117	1393	1456	1470	1078	1120	906	1280	2565	968	1270		1676	855	1437	704		1135	755	1167	1118	1305	1065	993	850	790	1109	2299			1500	791	1560	1079	740							1486		2147	1413	2301		1464	1293	1637			718	1185					1632	1290		994	1264	1460	1004		745	1113		821
																																																																												
																																																																												
				0	20	40	60	80	100	120	140	160	180	ëää÷åWêî	píl																																																													
			ïΩñ âÒì]	1648.6	1804.222222	2244.71831	2705.132353	2946.5	3440.939394	3914.095238	4127.098361	4890.803571	4597.035714	0.9881622	8.46992E-08																																																													
			âúçsÇ´âÒì]	2014.555556	2087.671429	2323.569444	2910.621212	3450.533333	4771.288889	3597.704918	4447.206897	4114.787234	4998.26087	0.910588922	0.000250708																																																													
																																																																												
